4 5 
3 1
1 2 66
1 4 33
1 3 43
2 3 11
3 4 22
5 7 
1 5 
1 2 200
1 4 400
1 5 2
1 3 600
3 5 300
2 5 400
2 4 300
8 11
2 7
1 5 10
1 4 2
2 4 3
3 4 4
3 8 8
4 8 5
4 6 3
4 5 4
5 7 1
6 7 2
8 7 4
7 10
5 1
1 6 5
1 3 4
2 6 6
2 7 3
2 3 2
3 7 2
3 4 3
3 5 1
4 5 2
5 7 1
5 7
2 5
1 4 4
1 2 11
1 3 5
2 3 15
3 4 8
3 5 10
4 5 9
10 15
10 5
1 3 13
1 10 6
2 3 12
2 8 11
2 7 10
2 6 3
2 5 5
2 4 20
5 6 4
6 7 2
7 8 9
7 9 8
8 9 4
8 10 7
9 10 5
6 8 
1 6
1 2 5
1 3 4
2 3 2
2 4 1
2 5 3
2 6 8
4 6 3
5 6 4
9 12
1 9
1 3 3
1 2 1
2 3 2
2 4 4
2 5 2
4 6 3
5 6 2
5 7 6
6 7 5
7 8 2
7 9 3
8 9 4
10 19
6 1
1 2 4
1 8 10
1 9 2
2 8 9
2 4 8
3 4 6
3 5 4 
3 7 3
3 10 4
3 8 7
4 8 5
4 5 8
5 7 5
5 6 4
6 7 2
7 10 1
8 9 6
8 10 3
9 10 2
8 13
4 8
1 8 8
1 6 12
1 7 5
2 4 6
2 6 9
2 7 17
2 5 2
2 3 24
3 6 18
3 4 11
4 5 10
5 7 4
7 8 10
11 26
5 10
1 2 81
1 3 51
2 3 5
3 4 66
2 4 56
1 4 18
3 5 57
4 5 37
3 6 63
5 6 46
3 7 60
6 7 22
5 7 61
1 8 73
3 8 98
7 8 70
5 8 58
8 9 97
5 9 24
4 9 72
1 9 60
1 10 36
8 10 48
9 10 32
10 11 95
9 11 33
15 33
11 1
1 2 70
2 3 66
1 3 61
2 4 27
3 4 83
4 5 68
3 5 44
4 6 39
5 6 56
6 7 6
5 7 85
3 7 15
6 8 80
7 8 45
8 9 39
7 9 29
3 9 67
6 10 48
8 10 25
9 10 90
10 11 20
9 11 36
6 12 25
10 12 67
11 12 19
12 13 72
11 13 99
9 13 29
6 14 97
12 14 36
13 14 91
14 15 18
13 15 53
13 29
8 13
1 2 36
1 3 22
2 3 88
1 4 74
3 4 77
4 5 45
3 5 10
5 6 44
3 6 76
2 6 55
1 6 82
5 7 4
6 7 73
7 8 82
6 8 28
1 8 62
5 9 1
7 9 16
8 9 39
5 10 67
9 10 34
8 10 10
10 11 17
8 11 15
11 12 6
8 12 5
11 13 57
12 13 75
8 13 57
12 25
6 1
1 2 57
1 3 67
2 3 13
1 4 71
3 4 19
4 5 80
3 5 9
5 6 85
3 6 13
5 7 18
6 7 54
3 7 79
4 8 75
5 8 10
7 8 36
4 9 49
8 9 66
7 9 95
9 10 67
7 10 62
9 11 27
10 11 76
7 11 31
9 12 36
11 12 82
15 37
14 7
1 2 63
1 3 38
2 3 80
1 4 99
3 4 3
4 5 97
3 5 4
4 6 81
5 6 23
3 6 13
4 7 16
6 7 72
4 8 31
7 8 62
6 8 90
8 9 92
6 9 41
3 9 66
4 10 22
8 10 28
9 10 99
10 11 82
9 11 68
10 12 9
11 12 79
9 12 45
12 13 55
9 13 81
4 14 40
10 14 14
12 14 4
13 14 2
14 15 3
13 15 36
9 15 53
3 15 5
2 15 84
17 38
5 13
1 2 67
1 3 42
2 3 59
1 4 84
3 4 63
4 5 86
3 5 82
2 5 96
4 6 5
5 6 42
6 7 75
5 7 1
6 8 97
7 8 7
5 8 41
8 9 62
5 9 10
6 10 94
8 10 64
9 10 97
10 11 46
9 11 69
5 11 81
10 12 54
11 12 6
10 13 87
12 13 74
11 13 10
13 14 64
11 14 24
5 14 28
10 15 82
13 15 65
14 15 38
15 16 66
14 16 79
15 17 24
16 17 99
18 41
10 2
1 2 41
2 3 52
1 3 81
2 4 89
3 4 58
4 5 21
3 5 50
5 6 20
3 6 14
1 6 13
5 7 16
6 7 12
5 8 33
7 8 96
8 9 65
7 9 90
8 10 34
9 10 38
7 10 100
8 11 97
10 11 13
7 11 79
8 12 31
11 12 77
7 12 17
8 13 48
12 13 7
7 13 92
13 14 46
7 14 32
14 15 71
7 15 38
6 15 84
8 16 51
13 16 26
14 16 93
15 16 23
16 17 75
15 17 12
16 18 37
17 18 40
20 49
7 12
1 2 64
2 3 14
1 3 61
3 4 53
1 4 13
3 5 9
4 5 17
3 6 43
5 6 39
3 7 45
6 7 11
7 8 86
6 8 51
5 8 2
8 9 32
5 9 34
9 10 73
5 10 21
3 11 17
7 11 75
8 11 47
9 11 62
10 11 50
11 12 73
10 12 73
11 13 86
12 13 12
10 13 4
11 14 37
13 14 36
14 15 31
13 15 52
10 15 49
5 15 91
4 15 56
14 16 13
15 16 99
11 17 72
14 17 55
16 17 38
17 18 16
16 18 18
15 18 75
17 19 18
18 19 19
15 19 58
17 20 51
19 20 43
15 20 79
19 47
17 11
1 2 25
1 3 81
2 3 19
3 4 97
2 4 5
3 5 56
4 5 61
5 6 9
4 6 92
2 6 96
3 7 39
5 7 43
6 7 44
7 8 29
6 8 98
2 8 8
7 9 79
8 9 21
2 9 14
7 10 16
9 10 36
10 11 31
9 11 43
10 12 53
11 12 50
9 12 100
2 12 55
7 13 44
10 13 78
12 13 74
13 14 13
12 14 2
14 15 54
12 15 31
14 16 51
15 16 59
12 16 38
7 17 11
13 17 19
14 17 29
16 17 58
17 18 57
16 18 23
12 18 1
2 18 37
17 19 72
18 19 60
16 37
9 3
1 2 5
1 3 24
2 3 38
3 4 100
2 4 54
4 5 11
2 5 13
4 6 55
5 6 17
4 7 95
6 7 57
5 7 27
3 8 33
4 8 67
7 8 45
8 9 13
7 9 24
5 9 1
8 10 36
9 10 76
8 11 89
10 11 7
11 12 87
10 12 3
9 12 51
5 12 60
2 12 37
11 13 29
12 13 15
13 14 13
12 14 12
11 15 71
13 15 37
14 15 1
15 16 70
14 16 42
12 16 63
20 49
9 19
1 2 53
1 3 5
2 3 13
3 4 71
2 4 49
1 4 25
3 5 47
4 5 1
3 6 60
5 6 74
6 7 89
5 7 19
6 8 61
7 8 44
5 8 69
8 9 20
5 9 32
4 9 97
1 9 86
6 10 45
8 10 60
9 10 56
10 11 33
9 11 60
10 12 25
11 12 74
9 12 23
6 13 59
10 13 21
12 13 53
9 13 87
6 14 73
13 14 58
9 14 99
14 15 96
9 15 58
14 16 75
15 16 94
9 16 11
14 17 87
16 17 67
17 18 51
16 18 5
14 19 27
17 19 46
18 19 73
16 19 98
19 20 78
16 20 21
13 31
13 2
1 2 54
1 3 92
2 3 63
3 4 27
2 4 66
4 5 73
2 5 47
3 6 19
4 6 59
5 6 72
6 7 28
5 7 9
7 8 19
5 8 37
2 8 83
7 9 12
8 9 99
1 10 69
3 10 78
6 10 2
7 10 25
9 10 57
10 11 47
9 11 97
8 11 54
1 12 24
10 12 70
11 12 37
1 13 97
12 13 2
11 13 26
15 35
3 12
1 2 13
1 3 79
2 3 99
3 4 33
2 4 8
1 4 100
3 5 58
4 5 64
3 6 46
5 6 6
6 7 70
5 7 22
4 7 27
6 8 58
7 8 18
4 8 80
1 8 83
6 9 20
8 9 25
6 10 23
9 10 47
6 11 39
10 11 34
9 11 73
8 11 71
1 11 56
6 12 22
11 12 82
6 13 37
12 13 41
11 13 81
13 14 49
11 14 71
14 15 31
11 15 34
16 37
6 14
1 2 28
2 3 48
1 3 15
1 4 49
2 4 75
3 4 72
1 5 18
4 5 54
3 5 55
5 6 37
3 6 30
5 7 29
6 7 36
7 8 68
6 8 14
3 8 60
7 9 90
8 9 21
5 10 34
7 10 23
9 10 58
8 10 74
5 11 4
10 11 6
11 12 45
10 12 34
8 12 91
5 13 75
11 13 16
12 13 81
13 14 72
12 14 43
13 15 29
14 15 87
5 16 43
13 16 55
15 16 10
20 48
18 4
1 2 84
1 3 57
2 3 58
1 4 95
3 4 47
4 5 78
3 5 28
2 5 21
4 6 35
5 6 2
6 7 76
5 7 93
4 8 98
6 8 62
7 8 83
5 8 24
4 9 77
8 9 16
5 9 95
9 10 71
5 10 96
9 11 81
10 11 65
9 12 50
11 12 91
9 13 76
12 13 9
11 13 6
10 13 76
9 14 46
13 14 2
14 15 11
13 15 55
10 15 11
14 16 6
15 16 53
16 17 40
15 17 33
16 18 73
17 18 75
18 19 86
17 19 49
15 19 19
18 20 83
19 20 10
15 20 53
10 20 6
5 20 38
25 65
20 3
1 2 8
1 3 15
2 3 85
3 4 72
2 4 16
3 5 27
4 5 99
2 5 25
3 6 33
5 6 75
2 6 70
6 7 86
2 7 37
3 8 76
6 8 96
7 8 42
2 8 28
8 9 35
2 9 27
8 10 1
9 10 61
2 10 12
3 11 1
8 11 31
10 11 95
11 12 10
10 12 84
3 13 52
11 13 47
12 13 3
13 14 4
12 14 6
10 14 70
2 14 89
13 15 29
14 15 85
13 16 15
15 16 27
14 16 9
3 17 99
13 17 53
16 17 31
14 17 36
17 18 90
14 18 58
17 19 31
18 19 83
19 20 86
18 20 18
14 20 9
3 21 38
17 21 78
19 21 21
20 21 38
21 22 9
20 22 67
22 23 99
20 23 44
21 24 70
22 24 45
23 24 98
24 25 74
23 25 2
20 25 67
14 25 14
28 72
12 3
1 2 61
2 3 46
1 3 14
1 4 2
2 4 4
3 4 97
4 5 84
3 5 89
5 6 14
3 6 45
1 6 78
5 7 43
6 7 17
5 8 15
7 8 3
6 8 83
4 9 65
5 9 98
8 9 52
9 10 61
8 10 96
6 10 77
9 11 62
10 11 14
9 12 90
11 12 91
9 13 69
12 13 70
11 13 98
13 14 33
11 14 100
9 15 58
13 15 78
14 15 65
15 16 59
14 16 33
11 16 61
15 17 95
16 17 73
17 18 26
16 18 39
11 18 50
9 19 21
15 19 55
17 19 16
18 19 23
19 20 89
18 20 80
20 21 21
18 21 40
11 21 40
19 22 68
20 22 69
21 22 53
22 23 33
21 23 10
22 24 43
23 24 2
21 24 79
19 25 41
22 25 34
24 25 30
25 26 50
24 26 63
9 27 95
19 27 9
25 27 96
26 27 7
27 28 55
26 28 68
24 28 33
21 28 93
31 78
15 29
1 2 47
2 3 85
1 3 27
3 4 35
1 4 17
2 5 99
3 5 26
4 5 8
2 6 18
5 6 46
4 6 61
2 7 51
6 7 56
4 7 55
7 8 52
4 8 86
7 9 47
8 9 37
9 10 16
8 10 97
4 10 51
9 11 62
10 11 57
7 12 46
9 12 68
11 12 11
10 12 66
12 13 52
10 13 3
12 14 87
13 14 56
10 14 1
12 15 23
14 15 35
12 16 87
15 16 39
14 16 33
16 17 64
14 17 99
16 18 3
17 18 10
14 18 11
18 19 53
14 19 65
10 19 65
16 20 56
18 20 50
19 20 12
10 20 44
12 21 17
16 21 8
20 21 94
21 22 78
20 22 16
22 23 92
20 23 46
12 24 26
21 24 9
22 24 49
23 24 80
24 25 95
23 25 5
20 25 32
12 26 17
24 26 39
25 26 18
26 27 8
25 27 23
26 28 33
27 28 58
25 28 25
26 29 42
28 29 68
26 30 29
29 30 58
28 30 32
30 31 36
28 31 60
44 116
28 6
1 2 73
1 3 6
2 3 69
3 4 16
2 4 3
1 5 94
3 5 24
4 5 51
5 6 25
4 6 70
1 7 55
5 7 8
6 7 38
7 8 45
6 8 77
7 9 97
8 9 68
6 9 10
4 9 54
7 10 44
9 10 3
7 11 21
10 11 73
9 11 13
1 12 5
7 12 60
11 12 72
12 13 99
11 13 39
9 13 99
1 14 53
12 14 63
13 14 56
14 15 21
13 15 78
15 16 58
13 16 15
14 17 53
15 17 9
16 17 91
14 18 22
17 18 15
16 18 99
18 19 59
16 19 60
18 20 75
19 20 56
16 20 79
13 20 36
20 21 61
13 21 22
18 22 39
20 22 34
21 22 46
22 23 51
21 23 38
13 23 6
18 24 74
22 24 36
23 24 44
24 25 24
23 25 88
24 26 58
25 26 80
24 27 9
26 27 87
25 27 37
24 28 75
27 28 39
25 28 97
24 29 17
28 29 12
25 29 12
29 30 67
25 30 22
23 30 71
30 31 42
23 31 29
13 31 49
30 32 77
31 32 90
29 33 22
30 33 67
32 33 23
33 34 68
32 34 17
31 34 60
33 35 25
34 35 42
31 35 47
13 35 20
33 36 66
35 36 87
29 37 77
33 37 97
36 37 47
35 37 63
24 38 85
29 38 73
37 38 53
38 39 82
37 39 89
38 40 64
39 40 45
37 40 8
38 41 85
40 41 15
24 42 49
38 42 14
41 42 15
40 42 77
42 43 3
40 43 88
42 44 96
43 44 77
40 44 55
33 89
20 2
1 2 3
2 3 42
1 3 40
2 4 36
3 4 83
2 5 55
4 5 80
3 5 90
2 6 40
5 6 46
6 7 90
5 7 53
3 7 60
7 8 18
3 8 7
2 9 48
6 9 13
7 9 83
8 9 54
9 10 77
8 10 70
3 10 85
9 11 82
10 11 55
3 11 34
9 12 56
11 12 79
9 13 12
12 13 74
9 14 48
13 14 51
14 15 28
13 15 42
12 15 91
11 15 64
3 15 24
15 16 97
3 16 43
14 17 65
15 17 36
16 17 89
17 18 54
16 18 40
14 19 100
17 19 71
18 19 46
9 20 99
14 20 84
19 20 80
20 21 5
19 21 12
18 21 1
20 22 89
21 22 45
22 23 8
21 23 74
18 23 100
23 24 86
18 24 85
16 24 73
22 25 85
23 25 36
24 25 100
22 26 26
25 26 78
24 26 15
20 27 1
22 27 74
26 27 58
24 27 65
20 28 62
27 28 98
24 28 18
28 29 1
24 29 97
28 30 41
29 30 99
30 31 96
29 31 24
24 31 30
31 32 52
24 32 87
16 32 31
9 33 92
20 33 31
28 33 38
30 33 65
31 33 30
32 33 75
70 199
67 4
1 2 56
1 3 26
2 3 71
3 4 57
2 4 22
1 4 11
3 5 7
4 5 69
5 6 86
4 6 36
3 7 20
5 7 72
6 7 18
7 8 11
6 8 2
4 8 7
3 9 28
7 9 31
8 9 81
9 10 81
8 10 84
3 11 92
9 11 21
10 11 89
11 12 80
10 12 38
11 13 8
12 13 68
10 13 32
8 13 36
11 14 21
13 14 88
14 15 61
13 15 92
8 15 96
11 16 34
14 16 54
15 16 2
11 17 3
16 17 92
3 18 89
11 18 74
17 18 15
18 19 7
17 19 37
16 19 69
15 19 65
19 20 64
15 20 51
8 20 98
3 21 44
18 21 35
19 21 41
20 21 64
21 22 75
20 22 20
8 22 53
4 22 34
21 23 87
22 23 84
21 24 69
23 24 60
24 25 23
23 25 81
22 25 51
4 25 18
21 26 14
24 26 56
25 26 71
26 27 68
25 27 99
21 28 60
26 28 94
27 28 14
21 29 18
28 29 30
27 29 82
21 30 34
29 30 45
27 30 32
30 31 31
27 31 40
25 31 18
30 32 71
31 32 55
32 33 44
31 33 90
33 34 7
31 34 77
32 35 29
33 35 42
34 35 97
31 35 88
35 36 17
31 36 77
25 36 90
32 37 34
35 37 43
36 37 97
37 38 5
36 38 62
25 38 96
4 38 16
37 39 55
38 39 61
21 40 85
30 40 36
32 40 94
37 40 18
39 40 80
40 41 77
39 41 49
38 41 19
41 42 95
38 42 71
3 43 25
21 43 90
40 43 13
41 43 83
42 43 19
43 44 41
42 44 77
43 45 15
44 45 80
43 46 93
45 46 44
43 47 21
46 47 26
45 47 38
47 48 17
45 48 82
44 48 99
42 48 64
38 48 49
4 48 6
3 49 24
43 49 85
47 49 41
48 49 17
49 50 3
48 50 21
49 51 94
50 51 3
48 51 91
3 52 40
49 52 73
51 52 68
52 53 81
51 53 85
48 53 50
52 54 99
53 54 77
48 54 26
4 54 14
52 55 56
54 55 18
52 56 9
55 56 76
54 56 96
52 57 46
56 57 45
57 58 29
56 58 96
57 59 8
58 59 78
56 59 1
59 60 84
56 60 62
54 60 42
4 60 100
59 61 16
60 61 14
52 62 45
57 62 18
59 62 56
61 62 36
62 63 43
61 63 23
60 63 17
52 64 79
62 64 73
63 64 15
64 65 56
63 65 98
64 66 80
65 66 63
63 66 68
60 66 40
64 67 91
66 67 15
52 68 85
64 68 35
67 68 43
68 69 33
67 69 42
66 69 72
68 70 33
69 70 25
66 70 86
34 90
33 15
1 2 98
2 3 91
1 3 75
1 4 61
2 4 10
3 4 14
4 5 51
3 5 24
5 6 51
3 6 37
5 7 18
6 7 83
3 7 30
5 8 90
7 8 67
5 9 7
8 9 75
5 10 93
9 10 83
8 10 75
7 10 31
4 11 7
5 11 97
10 11 77
11 12 67
10 12 61
7 12 98
11 13 95
12 13 4
13 14 90
12 14 38
7 14 1
3 14 32
11 15 64
13 15 13
14 15 41
15 16 77
14 16 15
3 16 16
1 17 79
4 17 51
11 17 34
15 17 61
16 17 33
17 18 23
16 18 80
18 19 39
16 19 97
19 20 72
16 20 73
19 21 23
20 21 54
16 21 79
19 22 20
21 22 31
16 22 98
3 22 80
18 23 80
19 23 92
22 23 83
23 24 69
22 24 81
23 25 36
24 25 1
17 26 44
18 26 100
23 26 93
25 26 21
26 27 67
25 27 9
24 27 99
26 28 69
27 28 94
24 28 12
26 29 1
28 29 16
24 29 91
29 30 39
24 30 64
29 31 14
30 31 11
24 31 38
26 32 67
29 32 42
31 32 57
32 33 49
31 33 39
32 34 89
33 34 28
31 34 82
29 76
23 16
1 2 49
1 3 6
2 3 62
3 4 41
2 4 78
3 5 28
4 5 49
5 6 29
4 6 96
2 6 94
5 7 92
6 7 49
7 8 9
6 8 34
2 8 87
7 9 24
8 9 47
5 10 50
7 10 62
9 10 13
3 11 91
5 11 70
10 11 62
9 11 81
11 12 10
9 12 41
8 12 14
3 13 85
11 13 37
12 13 76
13 14 94
12 14 85
14 15 34
12 15 55
8 15 78
3 16 63
13 16 34
14 16 78
15 16 43
16 17 82
15 17 72
16 18 34
17 18 30
15 18 32
8 18 19
16 19 16
18 19 56
16 20 65
19 20 17
18 20 69
16 21 30
20 21 59
18 21 38
21 22 43
18 22 39
8 22 100
2 22 83
21 23 5
22 23 84
21 24 72
23 24 80
22 24 29
21 25 8
24 25 65
21 26 36
25 26 85
24 26 28
22 26 69
16 27 63
21 27 70
26 27 50
16 28 86
27 28 56
28 29 79
27 29 17
26 29 74
40 106
40 20
1 2 74
1 3 30
2 3 62
1 4 64
3 4 29
4 5 96
3 5 68
5 6 64
3 6 67
2 6 100
5 7 92
6 7 27
1 8 64
4 8 27
5 8 11
7 8 91
8 9 96
7 9 25
6 9 13
1 10 97
8 10 10
9 10 68
6 10 28
10 11 27
6 11 41
10 12 26
11 12 50
12 13 31
11 13 40
6 13 90
2 13 50
12 14 65
13 14 71
12 15 63
14 15 29
13 15 99
2 15 59
12 16 48
15 16 14
10 17 25
12 17 47
16 17 5
15 17 51
17 18 11
15 18 32
18 19 14
15 19 53
17 20 79
18 20 90
19 20 17
17 21 75
20 21 100
19 21 84
21 22 54
19 22 78
15 22 77
22 23 79
15 23 27
10 24 59
17 24 71
21 24 68
22 24 9
23 24 35
24 25 90
23 25 71
24 26 63
25 26 40
23 26 81
26 27 11
23 27 53
24 28 6
26 28 9
27 28 58
28 29 8
27 29 19
23 29 89
15 29 73
28 30 24
29 30 19
28 31 15
30 31 40
29 31 93
10 32 14
24 32 76
28 32 99
31 32 43
32 33 4
31 33 77
29 33 21
32 34 62
33 34 47
32 35 41
34 35 22
32 36 34
35 36 30
34 36 45
36 37 96
34 37 70
33 37 25
32 38 58
36 38 22
37 38 82
38 39 67
37 39 79
38 40 42
39 40 37
37 97
24 13
1 2 28
2 3 4
1 3 82
2 4 93
3 4 31
4 5 80
3 5 87
2 6 34
4 6 8
5 6 8
6 7 47
5 7 7
3 7 100
7 8 69
3 8 40
1 8 29
7 9 13
8 9 87
7 10 98
9 10 37
8 10 45
10 11 72
8 11 19
1 11 63
7 12 50
10 12 60
11 12 51
7 13 21
12 13 25
11 13 15
13 14 9
11 14 5
13 15 18
14 15 90
11 15 49
13 16 48
15 16 21
11 16 36
16 17 33
11 17 29
13 18 95
16 18 79
17 18 35
13 19 94
18 19 47
19 20 26
18 20 22
17 20 11
7 21 12
13 21 72
19 21 48
20 21 8
21 22 43
20 22 18
22 23 22
20 23 44
17 23 29
21 24 73
22 24 64
23 24 5
24 25 87
23 25 73
17 25 9
11 25 56
21 26 14
24 26 58
25 26 3
26 27 35
25 27 45
26 28 87
27 28 15
25 28 39
26 29 65
28 29 1
7 30 32
21 30 64
26 30 26
29 30 5
28 30 74
30 31 37
28 31 76
31 32 73
28 32 97
30 33 70
31 33 90
32 33 18
30 34 14
33 34 70
32 34 42
34 35 29
32 35 75
30 36 28
34 36 53
35 36 83
32 36 35
36 37 67
32 37 92
51 139
44 16
1 2 57
1 3 3
2 3 92
3 4 62
2 4 76
1 4 80
3 5 37
4 5 49
5 6 76
4 6 59
6 7 90
4 7 46
3 8 72
5 8 60
6 8 87
7 8 100
8 9 34
7 9 67
4 9 5
8 10 68
9 10 1
8 11 71
10 11 60
11 12 90
10 12 23
12 13 95
10 13 64
9 13 41
4 13 21
8 14 55
11 14 7
12 14 77
13 14 57
14 15 50
13 15 38
15 16 85
13 16 81
4 16 27
8 17 33
14 17 9
15 17 85
16 17 74
17 18 54
16 18 8
17 19 33
18 19 40
17 20 59
19 20 18
18 20 58
16 20 63
17 21 86
20 21 59
21 22 33
20 22 45
22 23 100
20 23 7
16 23 91
4 23 15
21 24 99
22 24 11
23 24 70
21 25 5
24 25 40
8 26 78
17 26 6
21 26 29
25 26 62
24 26 87
26 27 55
24 27 46
8 28 95
26 28 91
27 28 20
28 29 100
27 29 98
24 29 52
23 29 91
4 29 57
8 30 22
28 30 49
29 30 71
8 31 7
30 31 59
29 31 4
31 32 3
29 32 10
31 33 62
32 33 45
33 34 24
32 34 61
29 34 8
8 35 45
31 35 17
33 35 47
34 35 23
35 36 23
34 36 75
35 37 84
36 37 61
34 37 82
29 37 30
35 38 7
37 38 72
38 39 49
37 39 6
8 40 22
35 40 52
38 40 96
39 40 30
40 41 73
39 41 96
41 42 100
39 42 31
41 43 54
42 43 55
41 44 33
43 44 63
42 44 69
39 44 78
40 45 39
41 45 81
44 45 85
40 46 83
45 46 97
46 47 83
45 47 5
46 48 71
47 48 57
45 48 41
44 48 83
39 48 38
37 48 70
46 49 89
48 49 62
46 50 70
49 50 46
50 51 83
49 51 73
48 51 42
36 97
36 3
1 2 70
2 3 13
1 3 57
2 4 38
3 4 90
4 5 47
3 5 18
1 5 26
4 6 30
5 6 66
1 6 60
4 7 86
6 7 89
7 8 16
6 8 26
8 9 71
6 9 54
7 10 47
8 10 60
9 10 15
6 10 68
4 11 57
7 11 49
10 11 41
11 12 50
10 12 12
4 13 38
11 13 39
12 13 26
10 13 65
13 14 33
10 14 47
6 14 77
13 15 41
14 15 36
13 16 18
15 16 88
14 16 5
16 17 95
14 17 69
6 17 71
1 17 54
16 18 54
17 18 59
18 19 70
17 19 32
1 19 81
18 20 75
19 20 78
20 21 92
19 21 41
1 21 46
18 22 49
20 22 41
21 22 38
18 23 98
22 23 4
16 24 75
18 24 36
23 24 29
22 24 91
21 24 20
24 25 28
21 25 20
24 26 61
25 26 63
21 26 89
26 27 48
21 27 68
1 27 84
13 28 68
16 28 90
24 28 89
26 28 21
27 28 48
4 29 10
13 29 4
28 29 80
27 29 36
29 30 34
27 30 72
29 31 76
30 31 31
29 32 20
31 32 68
30 32 68
32 33 69
30 33 71
27 33 94
32 34 57
33 34 52
29 35 36
32 35 76
34 35 79
35 36 55
34 36 36
33 36 41
68 193
64 39
1 2 8
1 3 79
2 3 2
3 4 49
2 4 19
1 4 75
3 5 96
4 5 29
3 6 78
5 6 28
6 7 64
5 7 63
4 7 99
7 8 92
4 8 93
1 8 70
7 9 11
8 9 60
9 10 90
8 10 82
1 10 5
9 11 46
10 11 33
3 12 41
6 12 22
7 12 11
9 12 47
11 12 9
3 13 3
12 13 42
11 13 96
10 13 63
13 14 72
10 14 97
3 15 11
13 15 43
14 15 23
3 16 59
15 16 71
14 16 53
16 17 86
14 17 86
3 18 15
16 18 36
17 18 29
18 19 8
17 19 57
14 19 40
18 20 19
19 20 46
14 20 73
18 21 24
20 21 92
21 22 5
20 22 16
14 22 65
21 23 67
22 23 14
14 23 73
3 24 21
18 24 56
21 24 68
23 24 83
24 25 79
23 25 17
24 26 46
25 26 21
23 26 91
26 27 4
23 27 43
14 27 43
27 28 41
14 28 81
3 29 10
24 29 76
26 29 9
27 29 69
28 29 32
29 30 100
28 30 87
14 30 77
29 31 72
30 31 62
29 32 20
31 32 28
30 32 29
32 33 84
30 33 94
29 34 43
32 34 9
33 34 15
34 35 50
33 35 76
30 35 49
34 36 28
35 36 44
30 36 94
34 37 1
36 37 87
30 37 97
14 37 43
34 38 81
37 38 37
38 39 23
37 39 90
38 40 64
39 40 84
40 41 58
39 41 47
37 41 83
14 41 97
40 42 76
41 42 7
38 43 10
40 43 95
42 43 34
41 43 91
34 44 79
38 44 28
43 44 33
41 44 87
3 45 94
29 45 34
34 45 14
44 45 42
45 46 13
44 46 10
41 46 36
45 47 13
46 47 96
45 48 84
47 48 8
46 48 76
45 49 73
48 49 82
3 50 18
45 50 88
49 50 65
48 50 27
50 51 35
48 51 100
51 52 75
48 52 10
46 52 6
41 52 85
51 53 4
52 53 91
50 54 27
51 54 34
53 54 70
52 54 59
50 55 72
54 55 63
52 55 44
50 56 38
55 56 57
50 57 56
56 57 47
55 57 44
52 57 21
50 58 94
57 58 27
58 59 28
57 59 21
52 59 51
50 60 9
58 60 38
59 60 39
60 61 26
59 61 65
52 61 73
60 62 25
61 62 39
52 62 34
41 62 82
50 63 75
60 63 37
62 63 72
63 64 1
62 64 23
64 65 94
62 65 11
41 65 94
63 66 56
64 66 54
65 66 83
41 66 64
66 67 62
41 67 29
14 67 7
63 68 82
66 68 74
67 68 86
52 142
30 16
1 2 98
1 3 18
2 3 87
1 4 31
3 4 51
2 4 13
4 5 20
2 5 75
5 6 66
2 6 42
5 7 68
6 7 76
5 8 87
7 8 75
8 9 82
7 9 70
8 10 39
9 10 43
7 10 50
6 10 97
2 10 24
4 11 24
5 11 34
8 11 32
10 11 18
4 12 70
11 12 100
10 12 49
12 13 95
10 13 94
12 14 49
13 14 93
10 14 63
12 15 35
14 15 75
12 16 14
15 16 99
14 16 94
16 17 88
14 17 64
10 17 87
16 18 7
17 18 92
16 19 26
18 19 81
17 19 73
16 20 95
19 20 71
17 20 15
10 20 96
12 21 20
16 21 38
20 21 19
21 22 53
20 22 21
21 23 88
22 23 22
20 23 20
4 24 89
12 24 69
21 24 65
23 24 37
24 25 61
23 25 80
24 26 23
25 26 87
23 26 93
20 26 21
10 26 81
24 27 32
26 27 85
24 28 19
27 28 90
24 29 28
28 29 44
27 29 70
24 30 100
29 30 90
27 30 93
30 31 14
27 31 86
30 32 12
31 32 3
24 33 56
30 33 64
32 33 23
33 34 44
32 34 86
31 34 94
34 35 32
31 35 6
35 36 11
31 36 68
33 37 18
34 37 90
35 37 42
36 37 4
33 38 34
37 38 62
38 39 36
37 39 65
36 39 98
24 40 55
33 40 54
38 40 25
39 40 50
40 41 75
39 41 24
36 41 40
40 42 67
41 42 89
36 42 77
31 42 78
24 43 91
40 43 32
42 43 94
24 44 65
43 44 27
42 44 31
44 45 11
42 45 10
44 46 36
45 46 21
42 46 29
31 46 53
27 46 10
44 47 70
46 47 56
24 48 95
44 48 32
47 48 92
46 48 59
48 49 81
46 49 98
48 50 64
49 50 6
24 51 47
48 51 90
50 51 81
51 52 38
50 52 9
49 52 22
70 193
2 24
1 2 39
1 3 86
2 3 96
1 4 11
3 4 14
4 5 48
3 5 72
2 5 84
4 6 56
5 6 66
1 7 67
4 7 47
6 7 76
7 8 99
6 8 44
5 8 91
7 9 56
8 9 42
7 10 80
9 10 37
10 11 80
9 11 88
8 11 58
10 12 93
11 12 26
10 13 21
12 13 42
11 13 56
1 14 1
7 14 18
10 14 69
13 14 91
14 15 3
13 15 64
14 16 53
15 16 16
13 16 12
16 17 24
13 17 51
16 18 67
17 18 41
13 18 69
16 19 65
18 19 16
16 20 20
19 20 60
18 20 6
13 20 75
16 21 1
20 21 38
16 22 11
21 22 32
20 22 77
22 23 20
20 23 77
22 24 2
23 24 93
20 24 18
16 25 10
22 25 45
24 25 35
25 26 78
24 26 88
20 26 37
13 26 93
26 27 40
13 27 5
11 27 56
16 28 64
25 28 7
26 28 22
27 28 56
28 29 28
27 29 38
29 30 72
27 30 47
11 30 97
29 31 29
30 31 21
11 31 50
29 32 66
31 32 84
28 33 33
29 33 95
32 33 55
33 34 9
32 34 48
31 34 99
28 35 27
33 35 57
34 35 44
31 35 13
35 36 86
31 36 83
28 37 2
35 37 31
36 37 22
37 38 6
36 38 86
37 39 37
38 39 64
36 39 60
16 40 93
28 40 91
37 40 97
39 40 16
40 41 89
39 41 46
36 41 44
40 42 62
41 42 47
16 43 62
40 43 45
42 43 79
43 44 56
42 44 51
41 44 40
36 44 3
43 45 2
44 45 66
45 46 12
44 46 97
36 46 30
31 46 49
43 47 79
45 47 31
46 47 79
47 48 100
46 48 88
31 48 65
47 49 37
48 49 52
47 50 24
49 50 81
48 50 94
50 51 72
48 51 96
31 51 83
50 52 69
51 52 39
31 52 96
43 53 15
47 53 100
50 53 92
52 53 46
43 54 7
53 54 42
52 54 85
54 55 10
52 55 43
55 56 2
52 56 73
55 57 39
56 57 31
52 57 21
55 58 17
57 58 62
58 59 52
57 59 69
52 59 49
55 60 68
58 60 57
59 60 52
55 61 43
60 61 37
59 61 46
43 62 14
54 62 32
55 62 80
61 62 83
59 62 70
62 63 75
59 63 49
16 64 22
43 64 18
62 64 94
63 64 80
64 65 59
63 65 78
59 65 41
64 66 54
65 66 31
66 67 13
65 67 44
59 67 62
64 68 86
66 68 13
67 68 75
64 69 37
68 69 81
67 69 75
69 70 56
67 70 37
78 218
17 2
1 2 11
1 3 56
2 3 55
3 4 45
2 4 77
4 5 81
2 5 94
3 6 50
4 6 98
5 6 39
6 7 30
5 7 56
6 8 69
7 8 22
6 9 61
8 9 99
7 9 35
9 10 5
7 10 12
10 11 72
7 11 17
5 11 86
9 12 60
10 12 49
11 12 13
5 12 15
12 13 37
5 13 39
2 13 12
9 14 61
12 14 62
13 14 74
14 15 16
13 15 68
2 15 71
6 16 44
9 16 48
14 16 64
15 16 94
16 17 45
15 17 54
6 18 75
16 18 52
17 18 22
15 18 96
18 19 13
15 19 73
18 20 82
19 20 69
18 21 84
20 21 53
19 21 37
15 21 22
18 22 64
21 22 85
18 23 34
22 23 78
23 24 21
22 24 24
21 24 41
15 24 33
23 25 37
24 25 15
23 26 48
25 26 4
24 26 85
15 26 43
23 27 51
26 27 100
23 28 36
27 28 95
26 28 5
23 29 62
28 29 98
29 30 27
28 30 10
26 30 62
30 31 51
26 31 91
15 31 30
2 31 86
23 32 96
29 32 66
30 32 7
31 32 59
32 33 2
31 33 92
32 34 89
33 34 22
31 34 15
2 34 29
32 35 54
34 35 51
35 36 95
34 36 53
2 36 6
35 37 31
36 37 48
35 38 56
37 38 82
36 38 83
35 39 2
38 39 87
36 39 97
35 40 52
39 40 65
36 40 6
23 41 13
32 41 15
35 41 96
40 41 43
41 42 100
40 42 43
36 42 60
23 43 59
41 43 2
42 43 62
43 44 2
42 44 42
43 45 35
44 45 17
42 45 70
45 46 41
42 46 19
36 46 17
45 47 93
46 47 77
36 47 99
45 48 40
47 48 84
43 49 33
45 49 75
48 49 86
47 49 19
43 50 23
49 50 89
50 51 35
49 51 28
47 51 1
18 52 1
23 52 75
43 52 95
50 52 52
51 52 18
52 53 55
51 53 10
53 54 71
51 54 16
52 55 12
53 55 12
54 55 50
55 56 80
54 56 33
51 56 90
55 57 50
56 57 49
55 58 35
57 58 26
56 58 100
51 58 26
52 59 10
55 59 32
58 59 52
52 60 47
59 60 2
60 61 74
59 61 35
52 62 36
60 62 53
61 62 87
62 63 36
61 63 28
59 63 82
58 63 87
51 63 97
62 64 36
63 64 49
52 65 67
62 65 3
64 65 12
63 65 30
65 66 52
63 66 91
51 66 62
65 67 94
66 67 92
51 67 63
47 67 28
36 67 18
52 68 62
65 68 5
67 68 27
68 69 93
67 69 57
69 70 25
67 70 94
69 71 30
70 71 59
69 72 81
71 72 35
72 73 97
71 73 68
70 73 62
72 74 78
73 74 54
74 75 10
73 75 13
70 75 54
67 75 28
72 76 15
74 76 65
75 76 57
76 77 19
75 77 7
69 78 18
72 78 12
76 78 99
77 78 32
95 273
9 4
1 2 81
1 3 32
2 3 54
3 4 87
2 4 41
3 5 66
4 5 40
5 6 68
4 6 33
2 6 5
5 7 24
6 7 51
2 7 11
5 8 93
7 8 14
2 8 9
3 9 25
5 9 4
8 9 76
2 9 69
9 10 50
2 10 21
9 11 58
10 11 53
11 12 38
10 12 39
2 12 89
3 13 17
9 13 53
11 13 7
12 13 93
3 14 85
13 14 38
14 15 46
13 15 71
12 15 30
2 15 63
14 16 11
15 16 97
2 16 95
3 17 67
14 17 72
16 17 45
17 18 77
16 18 64
17 19 10
18 19 38
16 19 40
17 20 13
19 20 65
20 21 61
19 21 15
16 21 86
21 22 18
16 22 19
21 23 75
22 23 8
16 23 7
21 24 44
23 24 60
17 25 13
20 25 36
21 25 97
24 25 2
25 26 33
24 26 67
23 26 31
16 26 95
25 27 77
26 27 79
3 28 42
17 28 43
25 28 50
27 28 38
28 29 72
27 29 65
29 30 48
27 30 61
26 30 57
29 31 60
30 31 77
26 31 17
16 31 26
28 32 62
29 32 34
31 32 44
32 33 89
31 33 41
32 34 50
33 34 32
31 34 53
34 35 14
31 35 19
16 35 49
34 36 67
35 36 51
34 37 15
36 37 97
35 37 97
16 37 44
32 38 27
34 38 38
37 38 38
28 39 76
32 39 76
38 39 61
3 40 93
28 40 23
39 40 73
38 40 49
37 40 34
40 41 50
37 41 65
40 42 60
41 42 63
37 42 98
40 43 55
42 43 51
43 44 38
42 44 5
37 44 82
43 45 42
44 45 70
43 46 100
45 46 90
44 46 37
37 46 2
40 47 57
43 47 85
46 47 99
47 48 100
46 48 12
37 48 88
47 49 89
48 49 39
47 50 63
49 50 50
48 50 31
47 51 37
50 51 22
40 52 79
47 52 71
51 52 71
52 53 43
51 53 82
50 53 34
52 54 92
53 54 36
50 54 36
54 55 82
50 55 92
54 56 18
55 56 23
50 56 62
48 56 69
37 56 65
40 57 50
52 57 71
54 57 21
56 57 34
57 58 21
56 58 72
57 59 97
58 59 8
59 60 60
58 60 36
56 60 71
37 60 9
57 61 18
59 61 7
60 61 83
61 62 97
60 62 29
62 63 5
60 63 91
62 64 62
63 64 38
60 64 35
61 65 98
62 65 26
64 65 16
40 66 41
57 66 43
61 66 90
65 66 54
66 67 63
65 67 54
64 67 3
60 67 33
66 68 74
67 68 89
66 69 53
68 69 45
67 69 85
69 70 13
67 70 5
66 71 72
69 71 83
70 71 65
66 72 90
71 72 41
72 73 47
71 73 38
70 73 22
67 73 52
60 73 80
72 74 83
73 74 41
60 74 14
72 75 80
74 75 66
60 75 29
37 75 73
16 75 60
40 76 71
66 76 26
72 76 23
75 76 24
40 77 29
76 77 7
75 77 98
40 78 69
77 78 12
75 78 94
78 79 5
75 79 24
78 80 50
79 80 29
78 81 58
80 81 67
79 81 18
81 82 50
79 82 65
75 82 7
78 83 71
81 83 68
82 83 86
78 84 54
83 84 61
82 84 100
78 85 85
84 85 78
78 86 80
85 86 57
86 87 38
85 87 50
84 87 35
87 88 12
84 88 26
82 88 15
78 89 18
86 89 23
87 89 83
88 89 29
78 90 68
89 90 39
88 90 4
90 91 70
88 91 67
82 91 61
91 92 36
82 92 36
75 92 11
90 93 100
91 93 42
92 93 81
93 94 68
92 94 80
75 94 86
78 95 28
90 95 79
93 95 71
94 95 57
82 234
64 24
1 2 13
2 3 57
1 3 37
3 4 27
1 4 75
3 5 11
4 5 61
3 6 55
5 6 78
4 6 100
3 7 59
6 7 47
4 7 66
3 8 71
7 8 34
4 8 54
2 9 81
3 9 86
8 9 95
9 10 14
8 10 5
4 10 74
9 11 51
10 11 32
4 11 4
9 12 73
11 12 40
4 12 66
9 13 52
12 13 34
9 14 77
13 14 16
9 15 90
14 15 13
13 15 95
15 16 16
13 16 23
15 17 55
16 17 23
13 17 52
12 17 6
9 18 33
15 18 51
17 18 24
18 19 3
17 19 36
18 20 77
19 20 36
17 20 21
18 21 23
20 21 1
17 21 25
18 22 97
21 22 51
17 22 8
12 22 52
18 23 24
22 23 48
18 24 17
23 24 27
22 24 33
18 25 93
24 25 42
22 25 74
25 26 57
22 26 88
26 27 90
22 27 31
26 28 95
27 28 64
28 29 35
27 29 100
22 29 96
12 29 37
25 30 23
26 30 98
28 30 72
29 30 51
9 31 85
18 31 93
25 31 74
30 31 85
31 32 69
30 32 70
29 32 36
31 33 77
32 33 73
9 34 59
31 34 76
33 34 90
32 34 85
9 35 8
34 35 34
32 35 78
35 36 81
32 36 91
29 36 18
35 37 22
36 37 73
29 37 12
35 38 85
37 38 7
35 39 11
38 39 80
37 39 43
35 40 86
39 40 78
37 40 67
40 41 36
37 41 62
40 42 59
41 42 9
37 42 99
35 43 27
40 43 30
42 43 34
43 44 55
42 44 3
43 45 44
44 45 30
42 45 44
37 45 80
45 46 37
37 46 77
29 46 57
12 46 70
43 47 19
45 47 26
46 47 91
9 48 92
35 48 37
43 48 76
47 48 50
48 49 48
47 49 55
46 49 45
48 50 85
49 50 84
50 51 11
49 51 20
46 51 98
48 52 69
50 52 29
51 52 96
48 53 47
52 53 10
51 53 29
53 54 54
51 54 12
53 55 72
54 55 83
51 55 55
48 56 51
53 56 72
55 56 84
56 57 59
55 57 41
51 57 54
46 57 85
48 58 31
56 58 45
57 58 73
58 59 6
57 59 47
59 60 20
57 60 13
58 61 91
59 61 56
60 61 96
61 62 53
60 62 76
57 62 45
46 62 73
12 62 56
58 63 40
61 63 19
62 63 65
58 64 20
63 64 24
58 65 29
64 65 43
65 66 7
64 66 35
63 66 45
66 67 30
63 67 18
62 67 56
58 68 70
65 68 72
66 68 92
67 68 100
68 69 68
67 69 64
9 70 58
48 70 66
58 70 36
68 70 22
69 70 56
70 71 91
69 71 17
67 71 60
70 72 66
71 72 14
70 73 32
72 73 73
71 73 5
73 74 3
71 74 38
9 75 77
70 75 26
73 75 66
74 75 19
75 76 32
74 76 100
75 77 16
76 77 13
74 77 70
71 77 71
67 77 82
77 78 93
67 78 62
62 78 34
12 78 60
77 79 77
78 79 43
79 80 26
78 80 12
75 81 64
77 81 33
79 81 3
80 81 32
78 81 93
75 82 20
81 82 45
89 256
20 53
1 2 50
2 3 26
1 3 82
3 4 26
1 4 4
4 5 99
1 5 96
3 6 87
4 6 98
5 6 11
2 7 100
3 7 19
6 7 33
2 8 81
7 8 11
6 8 46
2 9 14
8 9 23
9 10 23
8 10 8
9 11 48
10 11 34
8 11 71
11 12 32
8 12 88
2 13 3
9 13 76
11 13 8
12 13 47
13 14 52
12 14 52
8 14 48
13 15 29
14 15 33
13 16 25
15 16 32
14 16 31
8 16 21
6 16 19
5 16 80
13 17 83
16 17 18
2 18 99
13 18 16
17 18 50
16 18 61
18 19 61
16 19 16
5 19 83
18 20 35
19 20 23
18 21 82
20 21 69
2 22 94
18 22 66
21 22 8
20 22 96
19 22 41
22 23 15
19 23 94
2 24 92
22 24 18
23 24 42
24 25 73
23 25 50
19 25 18
2 26 4
24 26 80
25 26 38
26 27 22
25 27 12
19 27 73
26 28 91
27 28 10
28 29 88
27 29 41
26 30 22
28 30 100
29 30 56
27 30 5
26 31 35
30 31 30
26 32 38
31 32 55
32 33 23
31 33 3
30 33 62
32 34 70
33 34 44
2 35 29
26 35 64
32 35 87
34 35 46
33 35 57
30 35 59
35 36 96
30 36 74
27 36 63
19 36 27
35 37 64
36 37 36
37 38 38
36 38 36
19 38 79
35 39 99
37 39 75
38 39 19
39 40 21
38 40 74
19 40 26
39 41 77
40 41 8
41 42 55
40 42 14
41 43 14
42 43 30
40 43 69
35 44 76
39 44 99
41 44 12
43 44 4
44 45 62
43 45 50
40 45 1
19 45 70
44 46 9
45 46 96
19 46 96
44 47 23
46 47 75
44 48 59
47 48 10
48 49 64
47 49 46
46 49 88
44 50 63
48 50 20
49 50 58
44 51 35
50 51 45
49 51 35
51 52 63
49 52 5
51 53 42
52 53 28
49 53 18
46 53 71
53 54 96
46 54 93
44 55 69
51 55 59
53 55 48
54 55 83
35 56 9
44 56 1
55 56 52
54 56 69
56 57 48
54 57 99
46 57 91
19 57 22
5 57 57
56 58 52
57 58 86
35 59 54
56 59 92
58 59 100
57 59 73
59 60 1
57 60 34
59 61 70
60 61 36
59 62 48
61 62 74
60 62 77
62 63 75
60 63 91
57 63 47
59 64 71
62 64 36
63 64 67
59 65 29
64 65 35
63 65 49
65 66 37
63 66 35
59 67 53
65 67 57
66 67 83
67 68 51
66 68 99
63 68 56
57 68 60
5 68 51
59 69 41
67 69 13
68 69 94
59 70 92
69 70 38
70 71 94
69 71 77
68 71 7
70 72 81
71 72 24
70 73 80
72 73 9
70 74 99
73 74 70
72 74 7
71 74 21
70 75 57
74 75 74
71 75 49
68 75 92
70 76 74
75 76 38
70 77 26
76 77 26
75 77 94
77 78 60
75 78 29
77 79 93
78 79 16
70 80 88
77 80 95
79 80 8
78 80 100
35 81 88
59 81 100
70 81 89
80 81 33
81 82 76
80 82 95
78 82 66
82 83 52
78 83 26
75 83 74
68 83 50
81 84 48
82 84 33
83 84 22
84 85 4
83 85 58
68 85 22
81 86 47
84 86 31
85 86 59
81 87 25
86 87 9
85 87 5
87 88 84
85 88 37
87 89 49
88 89 51
85 89 24
68 89 95
98 278
95 62
1 2 36
1 3 9
2 3 89
3 4 35
2 4 41
1 4 10
3 5 38
4 5 98
3 6 32
5 6 37
4 6 80
6 7 42
4 7 61
6 8 88
7 8 46
6 9 96
8 9 24
7 9 46
6 10 47
9 10 47
10 11 40
9 11 57
7 11 74
6 12 73
10 12 18
11 12 37
3 13 91
6 13 54
12 13 46
3 14 25
13 14 42
12 14 33
11 14 33
14 15 82
11 15 67
7 15 73
14 16 92
15 16 57
14 17 22
16 17 75
3 18 93
14 18 2
17 18 16
18 19 5
17 19 89
16 19 14
18 20 100
19 20 65
20 21 59
19 21 46
16 21 63
15 21 51
7 21 2
4 21 36
20 22 75
21 22 19
20 23 72
22 23 17
21 23 25
23 24 70
21 24 42
4 24 18
18 25 54
20 25 74
23 25 99
24 25 73
25 26 99
24 26 42
26 27 81
24 27 72
26 28 16
27 28 73
24 28 73
26 29 84
28 29 29
29 30 14
28 30 97
29 31 28
30 31 78
31 32 7
30 32 74
28 32 40
29 33 9
31 33 27
32 33 28
33 34 36
32 34 98
28 34 51
29 35 52
33 35 74
34 35 72
35 36 93
34 36 91
28 36 26
24 36 19
25 37 41
26 37 50
29 37 69
35 37 83
36 37 30
25 38 40
37 38 50
36 38 54
38 39 65
36 39 85
24 39 82
38 40 78
39 40 33
40 41 9
39 41 7
38 42 40
40 42 34
41 42 98
42 43 100
41 43 61
43 44 25
41 44 35
42 45 10
43 45 76
44 45 87
41 45 83
39 45 47
25 46 31
38 46 73
42 46 24
45 46 1
46 47 13
45 47 73
39 47 69
24 47 47
46 48 54
47 48 61
46 49 49
48 49 7
47 49 25
24 49 33
46 50 88
49 50 2
46 51 66
50 51 97
49 51 60
51 52 57
49 52 30
52 53 57
49 53 8
18 54 42
25 54 34
46 54 43
51 54 51
52 54 9
53 54 81
54 55 33
53 55 7
54 56 63
55 56 57
53 56 83
54 57 16
56 57 22
57 58 7
56 58 36
53 58 20
49 58 61
57 59 96
58 59 68
59 60 67
58 60 20
57 61 53
59 61 7
60 61 73
61 62 70
60 62 3
61 63 32
62 63 78
60 63 84
58 63 41
54 64 85
57 64 78
61 64 74
63 64 79
64 65 80
63 65 34
64 66 11
65 66 13
63 66 92
66 67 26
63 67 21
58 67 26
67 68 41
58 68 42
49 68 33
24 68 76
4 68 14
66 69 93
67 69 24
68 69 33
64 70 11
66 70 95
69 70 85
68 70 17
70 71 68
68 71 6
70 72 71
71 72 51
72 73 83
71 73 55
68 73 43
64 74 20
70 74 84
72 74 16
73 74 50
64 75 63
74 75 1
73 75 61
75 76 27
73 76 45
54 77 86
64 77 48
75 77 70
76 77 78
77 78 41
76 78 2
73 78 53
68 78 6
77 79 94
78 79 28
79 80 39
78 80 5
77 81 23
79 81 75
80 81 73
77 82 90
81 82 81
80 82 44
78 82 92
82 83 15
78 83 50
83 84 35
78 84 86
84 85 33
78 85 2
68 85 36
82 86 47
83 86 55
84 86 48
85 86 74
86 87 99
85 87 33
87 88 73
85 88 68
87 89 62
88 89 65
89 90 70
88 90 14
85 90 71
87 91 15
89 91 42
90 91 61
91 92 71
90 92 16
87 93 35
91 93 44
92 93 5
93 94 67
92 94 87
90 94 48
86 95 82
87 95 36
93 95 34
94 95 67
90 95 20
95 96 36
90 96 54
86 97 66
95 97 90
96 97 1
97 98 91
96 98 88
90 98 85
72 205
70 47
1 2 5
2 3 62
1 3 13
3 4 20
1 4 96
2 5 8
3 5 24
4 5 63
5 6 46
4 6 23
1 6 96
5 7 33
6 7 57
7 8 14
6 8 52
1 8 92
7 9 68
8 9 70
2 10 33
5 10 68
7 10 60
9 10 72
10 11 5
9 11 75
10 12 78
11 12 50
9 12 54
10 13 54
12 13 61
9 13 55
8 13 96
10 14 65
13 14 68
8 14 60
10 15 84
14 15 63
15 16 20
14 16 59
15 17 77
16 17 65
14 17 34
15 18 72
17 18 98
14 18 90
8 18 86
18 19 1
8 19 33
18 20 5
19 20 70
8 20 65
15 21 24
18 21 82
20 21 36
21 22 28
20 22 56
8 22 65
15 23 78
21 23 61
22 23 18
23 24 90
22 24 67
23 25 65
24 25 55
10 26 34
15 26 77
23 26 90
25 26 96
26 27 96
25 27 1
26 28 25
27 28 12
25 28 34
28 29 48
25 29 9
26 30 23
28 30 33
29 30 62
25 30 7
24 30 89
26 31 31
30 31 71
26 32 13
31 32 12
32 33 58
31 33 92
30 33 19
32 34 22
33 34 21
30 34 79
24 34 92
32 35 11
34 35 45
24 35 8
32 36 17
35 36 78
26 37 84
32 37 58
36 37 26
37 38 31
36 38 58
35 38 2
37 39 43
38 39 43
39 40 49
38 40 3
35 40 65
24 40 34
39 41 64
40 41 23
26 42 22
37 42 47
39 42 93
41 42 86
40 42 10
42 43 2
40 43 78
42 44 29
43 44 76
40 44 98
26 45 7
42 45 19
44 45 8
40 45 4
45 46 26
40 46 76
46 47 33
40 47 62
45 48 34
46 48 58
47 48 44
40 48 91
48 49 11
40 49 86
2 50 34
10 50 60
26 50 41
45 50 50
48 50 93
49 50 4
50 51 73
49 51 66
50 52 50
51 52 17
50 53 52
52 53 12
51 53 71
53 54 81
51 54 40
49 54 98
40 54 78
53 55 98
54 55 16
55 56 38
54 56 1
50 57 93
53 57 13
55 57 86
56 57 6
57 58 98
56 58 95
54 58 50
57 59 89
58 59 6
59 60 87
58 60 74
54 60 65
57 61 27
59 61 75
60 61 57
54 61 31
40 61 47
24 61 22
57 62 32
61 62 16
24 62 25
22 62 43
57 63 86
62 63 5
50 64 34
57 64 35
63 64 83
64 65 32
63 65 50
62 65 72
64 66 84
65 66 94
64 67 36
66 67 69
65 67 100
64 68 34
67 68 64
68 69 1
67 69 74
65 69 69
62 69 87
69 70 47
62 70 85
50 71 14
64 71 21
68 71 93
69 71 96
70 71 20
71 72 66
70 72 79
62 72 35
100 285
91 74
1 2 72
1 3 95
2 3 7
1 4 6
3 4 29
4 5 90
3 5 7
1 6 52
4 6 74
5 6 100
6 7 88
5 7 94
3 7 51
6 8 73
7 8 9
8 9 51
7 9 46
8 10 29
9 10 38
6 11 92
8 11 13
10 11 3
11 12 64
10 12 5
9 12 98
11 13 83
12 13 23
9 13 28
6 14 69
11 14 13
13 14 1
6 15 92
14 15 59
13 15 60
6 16 49
15 16 88
13 16 49
6 17 55
16 17 91
6 18 74
17 18 7
16 18 78
13 18 20
18 19 57
13 19 50
19 20 28
13 20 60
9 20 47
7 20 57
18 21 97
19 21 38
20 21 21
21 22 51
20 22 54
18 23 78
21 23 100
22 23 88
18 24 100
23 24 27
22 24 57
24 25 64
22 25 80
18 26 100
24 26 22
25 26 39
26 27 49
25 27 61
22 27 39
26 28 55
27 28 52
28 29 13
27 29 61
22 29 81
20 29 84
28 30 70
29 30 83
20 30 11
6 31 29
18 31 29
26 31 19
28 31 77
30 31 67
6 32 92
31 32 27
30 32 72
6 33 21
32 33 26
33 34 59
32 34 20
30 34 52
33 35 15
34 35 83
30 35 31
35 36 67
30 36 56
20 36 21
7 36 15
3 36 17
33 37 60
35 37 69
36 37 68
37 38 24
36 38 82
37 39 48
38 39 7
36 39 51
37 40 30
39 40 69
36 40 79
33 41 59
37 41 40
40 41 55
41 42 77
40 42 31
41 43 81
42 43 48
40 43 51
36 43 58
33 44 6
41 44 22
43 44 9
44 45 73
43 45 56
44 46 92
45 46 39
43 46 11
44 47 64
46 47 5
33 48 27
44 48 23
47 48 25
46 48 94
48 49 46
46 49 6
49 50 94
46 50 4
43 50 56
50 51 23
43 51 73
36 51 86
33 52 33
48 52 12
49 52 40
50 52 61
51 52 94
52 53 72
51 53 8
52 54 96
53 54 81
54 55 66
53 55 17
54 56 42
55 56 90
53 56 72
51 56 33
54 57 80
56 57 34
51 57 48
52 58 36
54 58 61
57 58 71
52 59 60
58 59 6
57 59 68
59 60 66
57 60 99
51 60 72
59 61 73
60 61 74
52 62 96
59 62 59
61 62 58
62 63 59
61 63 50
60 63 19
51 63 52
62 64 74
63 64 78
62 65 47
64 65 54
63 65 95
65 66 15
63 66 95
62 67 84
65 67 38
66 67 79
63 67 15
62 68 71
67 68 27
68 69 50
67 69 83
52 70 49
62 70 62
68 70 89
69 70 16
70 71 79
69 71 39
67 71 39
70 72 51
71 72 12
70 73 86
72 73 61
71 73 70
67 73 44
70 74 11
73 74 40
67 74 47
63 74 36
52 75 17
70 75 45
74 75 41
75 76 64
74 76 59
76 77 36
74 77 47
63 77 48
51 77 66
75 78 14
76 78 19
77 78 44
6 79 15
33 79 53
52 79 44
75 79 76
78 79 41
77 79 12
6 80 54
79 80 80
77 80 50
80 81 57
77 81 43
80 82 88
81 82 17
77 82 64
82 83 31
77 83 79
80 84 3
82 84 78
83 84 14
77 84 72
84 85 22
77 85 55
84 86 35
85 86 33
77 86 42
84 87 33
86 87 80
77 87 59
84 88 46
87 88 50
77 88 55
84 89 13
88 89 3
89 90 98
88 90 40
77 90 43
89 91 9
90 91 94
77 91 74
91 92 11
77 92 2
89 93 17
91 93 98
92 93 18
80 94 80
84 94 28
89 94 49
93 94 83
94 95 57
93 95 62
92 95 6
94 96 79
95 96 68
96 97 40
95 97 63
92 97 61
77 97 72
96 98 42
97 98 72
94 99 70
96 99 92
98 99 26
97 99 82
99 100 94
97 100 75
88 251
8 81
1 2 84
1 3 66
2 3 62
3 4 94
2 4 67
4 5 30
2 5 91
3 6 37
4 6 9
5 6 70
3 7 85
6 7 43
5 7 27
3 8 98
7 8 48
8 9 57
7 9 18
5 9 87
8 10 19
9 10 78
8 11 11
10 11 60
9 11 1
11 12 80
9 12 3
11 13 78
12 13 61
9 13 48
11 14 53
13 14 33
14 15 88
13 15 88
15 16 99
13 16 1
9 16 81
16 17 17
9 17 30
15 18 23
16 18 53
17 18 90
3 19 92
8 19 37
11 19 85
14 19 70
15 19 35
18 19 32
19 20 26
18 20 4
19 21 71
20 21 96
18 21 33
19 22 33
21 22 8
18 22 34
17 22 12
22 23 10
17 23 63
9 23 24
22 24 10
23 24 15
9 24 56
19 25 97
22 25 2
24 25 6
25 26 49
24 26 34
26 27 23
24 27 78
9 27 8
19 28 27
25 28 19
26 28 100
27 28 16
28 29 3
27 29 21
29 30 2
27 30 87
9 30 99
28 31 5
29 31 57
30 31 94
19 32 37
28 32 89
31 32 1
30 32 70
32 33 52
30 33 63
32 34 33
33 34 75
30 34 24
32 35 99
34 35 82
30 35 72
35 36 53
30 36 40
35 37 20
36 37 38
32 38 14
35 38 49
37 38 46
38 39 40
37 39 67
36 39 45
30 39 55
9 39 22
19 40 17
32 40 56
38 40 8
39 40 15
40 41 60
39 41 64
40 42 61
41 42 97
42 43 4
41 43 13
43 44 18
41 44 7
39 44 75
43 45 2
44 45 33
39 45 50
43 46 53
45 46 14
43 47 21
46 47 5
45 47 5
42 48 92
43 48 42
47 48 18
40 49 92
42 49 87
48 49 58
47 49 11
49 50 83
47 50 12
45 50 32
39 50 52
49 51 20
50 51 39
51 52 66
50 52 79
51 53 54
52 53 26
49 54 27
51 54 9
53 54 39
52 54 97
50 54 15
49 55 65
54 55 98
49 56 47
55 56 67
54 56 50
50 56 12
56 57 39
50 57 6
56 58 17
57 58 31
56 59 100
58 59 34
59 60 74
58 60 38
56 61 43
59 61 84
60 61 73
58 61 55
49 62 15
56 62 24
61 62 26
58 62 5
62 63 41
58 63 4
57 63 58
62 64 19
63 64 83
64 65 66
63 65 9
57 65 79
50 65 80
39 65 25
9 65 28
64 66 78
65 66 91
49 67 30
62 67 90
64 67 30
66 67 35
67 68 6
66 68 12
65 68 86
40 69 91
49 69 85
67 69 76
68 69 34
69 70 21
68 70 48
65 70 40
9 70 87
69 71 23
70 71 65
9 71 92
69 72 63
71 72 20
69 73 49
72 73 33
73 74 2
72 74 67
71 74 41
73 75 32
74 75 46
69 76 66
73 76 60
75 76 76
74 76 8
76 77 89
74 77 65
71 77 89
19 78 75
40 78 22
69 78 100
76 78 13
77 78 12
78 79 37
77 79 88
78 80 97
79 80 9
77 80 87
71 80 88
78 81 95
80 81 9
81 82 52
80 82 86
71 82 23
9 82 24
78 83 35
81 83 8
82 83 77
83 84 1
82 84 48
84 85 9
82 85 98
83 86 65
84 86 20
85 86 73
82 86 25
83 87 60
86 87 89
78 88 13
83 88 34
87 88 10
86 88 65
100 284
83 24
1 2 1
1 3 80
2 3 12
3 4 60
2 4 9
1 5 28
3 5 73
4 5 100
5 6 79
4 6 44
5 7 49
6 7 83
4 7 5
5 8 15
7 8 100
4 8 92
2 8 10
5 9 1
8 9 60
1 10 14
5 10 5
9 10 47
10 11 92
9 11 10
8 11 38
10 12 80
11 12 90
8 12 45
10 13 28
12 13 72
13 14 97
12 14 29
8 14 52
13 15 8
14 15 40
13 16 12
15 16 88
14 16 12
16 17 64
14 17 66
13 18 7
16 18 12
17 18 100
18 19 63
17 19 79
14 19 99
13 20 6
18 20 88
19 20 51
14 20 65
13 21 1
20 21 56
21 22 12
20 22 44
14 22 65
13 23 1
21 23 76
22 23 6
23 24 97
22 24 3
14 24 77
23 25 94
24 25 83
23 26 80
25 26 53
24 26 22
23 27 44
26 27 40
24 27 85
23 28 7
27 28 57
24 28 43
28 29 70
24 29 56
28 30 6
29 30 48
28 31 7
30 31 11
29 31 87
13 32 57
23 32 76
28 32 39
31 32 12
32 33 39
31 33 35
29 33 28
24 33 39
32 34 10
33 34 33
24 34 88
32 35 12
34 35 62
35 36 81
34 36 47
35 37 93
36 37 33
32 38 68
35 38 36
37 38 25
32 39 53
38 39 94
39 40 81
38 40 95
37 40 64
36 40 37
39 41 52
40 41 63
41 42 43
40 42 63
13 43 2
32 43 51
39 43 90
41 43 40
42 43 15
40 43 28
43 44 74
40 44 42
36 44 18
43 45 35
44 45 27
43 46 5
45 46 99
44 46 88
36 46 37
43 47 45
46 47 80
36 47 70
10 48 12
13 48 68
43 48 46
47 48 16
48 49 13
47 49 26
10 50 63
48 50 28
49 50 14
50 51 14
49 51 43
47 51 56
51 52 76
47 52 44
36 52 7
34 52 65
24 52 83
50 53 73
51 53 44
52 53 9
53 54 14
52 54 14
53 55 43
54 55 40
52 55 70
50 56 41
53 56 79
55 56 7
56 57 85
55 57 11
56 58 28
57 58 49
55 58 30
58 59 73
55 59 64
58 60 42
59 60 98
55 60 26
60 61 22
55 61 12
10 62 92
50 62 64
56 62 19
58 62 67
60 62 7
61 62 77
62 63 84
61 63 41
55 63 49
52 63 27
62 64 49
63 64 15
52 64 92
24 64 44
62 65 6
64 65 62
62 66 36
65 66 85
62 67 68
66 67 73
65 67 47
62 68 47
67 68 21
68 69 76
67 69 19
65 69 36
64 69 69
24 69 68
68 70 14
69 70 90
68 71 31
70 71 5
71 72 53
70 72 50
69 72 23
62 73 59
68 73 78
71 73 6
72 73 100
73 74 79
72 74 85
73 75 100
74 75 93
73 76 76
75 76 43
74 76 98
72 76 89
76 77 79
72 77 34
10 78 8
62 78 51
73 78 80
76 78 54
77 78 23
78 79 7
77 79 24
72 79 10
78 80 76
79 80 92
72 80 23
80 81 65
72 81 22
69 81 79
78 82 18
80 82 23
81 82 2
78 83 76
82 83 1
83 84 7
82 84 75
83 85 31
84 85 43
82 85 27
83 86 23
85 86 19
82 86 69
86 87 72
82 87 59
81 87 47
69 87 6
87 88 67
69 88 49
86 89 37
87 89 72
88 89 23
89 90 44
88 90 96
86 91 33
89 91 19
90 91 87
86 92 55
91 92 35
90 92 60
88 92 86
83 93 52
86 93 83
92 93 87
88 93 28
93 94 35
88 94 93
93 95 54
94 95 17
93 96 36
95 96 80
94 96 39
78 97 6
83 97 1
93 97 62
96 97 16
78 98 99
97 98 19
96 98 82
94 98 48
98 99 56
94 99 54
98 100 22
99 100 51
78 220
68 6
1 2 26
2 3 25
1 3 1
2 4 26
3 4 29
4 5 58
3 5 95
4 6 97
5 6 20
3 6 65
4 7 56
6 7 17
3 7 45
7 8 53
3 8 12
4 9 6
7 9 91
8 9 1
3 9 97
9 10 80
3 10 25
4 11 65
9 11 8
10 11 87
11 12 21
10 12 68
11 13 98
12 13 77
11 14 4
13 14 21
14 15 62
13 15 29
12 15 45
10 15 14
3 15 6
1 15 25
14 16 72
15 16 52
11 17 22
14 17 91
16 17 17
17 18 77
16 18 7
17 19 61
18 19 81
16 19 71
15 19 18
17 20 71
19 20 71
15 20 67
17 21 2
20 21 95
21 22 83
20 22 9
15 22 33
11 23 55
17 23 29
21 23 30
22 23 31
23 24 84
22 24 2
15 24 92
23 25 12
24 25 99
11 26 6
23 26 69
25 26 23
24 26 29
26 27 72
24 27 44
11 28 19
26 28 88
27 28 72
28 29 77
27 29 100
29 30 53
27 30 47
24 30 70
30 31 75
24 31 69
31 32 36
24 32 29
31 33 15
32 33 18
33 34 89
32 34 47
24 34 72
30 35 17
31 35 28
33 35 54
34 35 100
30 36 82
35 36 97
34 36 63
30 37 80
36 37 54
28 38 83
29 38 2
30 38 82
37 38 7
36 38 98
38 39 52
36 39 46
34 39 21
24 39 29
38 40 46
39 40 25
38 41 27
40 41 67
39 41 100
38 42 96
41 42 2
39 42 28
42 43 62
39 43 71
24 43 68
15 43 61
1 43 94
38 44 85
42 44 88
43 44 47
28 45 36
38 45 69
44 45 43
43 45 51
28 46 100
45 46 49
43 46 85
46 47 54
43 47 30
46 48 91
47 48 51
43 48 82
48 49 37
43 49 23
48 50 62
49 50 34
43 50 48
48 51 88
50 51 100
43 51 99
46 52 35
48 52 53
51 52 78
52 53 97
51 53 23
52 54 45
53 54 57
51 54 16
46 55 81
52 55 96
54 55 14
55 56 17
54 56 17
46 57 8
55 57 19
56 57 16
46 58 56
57 58 55
58 59 21
57 59 38
56 59 46
58 60 23
59 60 19
56 60 34
60 61 46
56 61 80
54 61 19
51 61 93
43 61 19
60 62 70
61 62 91
43 62 54
1 62 22
46 63 68
58 63 50
60 63 96
62 63 64
63 64 58
62 64 11
63 65 45
64 65 5
62 65 76
46 66 13
63 66 73
65 66 83
66 67 83
65 67 89
62 67 39
66 68 37
67 68 61
62 68 28
66 69 34
68 69 84
69 70 46
68 70 19
62 70 29
46 71 77
66 71 37
69 71 73
70 71 95
71 72 6
70 72 15
62 72 100
71 73 79
72 73 34
71 74 1
73 74 74
74 75 97
73 75 58
72 75 36
62 75 41
74 76 15
75 76 11
76 77 5
75 77 87
71 78 94
74 78 87
76 78 27
77 78 84
