#1 55
3 4 1 
#2 6
1 2 5 
#3 12
2 4 8 7 
#4 7
5 7 3 1 
#5 25
2 3 5 
#6 22
10 8 7 6 5 
#7 10
1 3 2 4 6 
#8 13
1 2 5 6 7 9 
#9 13
6 7 3 10 9 1 
#10 24
4 5 7 8 
#11 91
5 4 1 10 
#12 141
11 9 7 3 1 
#13 68
8 12 11 13 
#14 83
6 3 2 1 
#15 51
14 12 10 4 7 
#16 89
5 9 11 13 
#17 148
10 8 12 7 6 1 2 
#18 91
7 3 5 10 13 12 
#19 81
17 14 12 11 
#20 46
9 8 3 
#21 109
9 16 19 
#22 141
13 11 12 1 2 
#23 86
3 5 6 12 
#24 129
6 5 11 12 14 
#25 171
18 19 20 5 6 4 
#26 27
20 14 13 12 11 3 
#27 205
12 9 4 2 3 
#28 123
15 16 21 12 26 29 
#29 160
28 29 25 24 23 13 11 9 6 
#30 132
20 21 18 16 3 1 2 
#31 129
67 66 60 54 48 4 
#32 187
33 31 29 26 17 16 14 15 
#33 77
23 21 18 16 
#34 181
40 38 32 10 17 18 19 20 
#35 78
24 23 17 11 13 
#36 194
44 41 40 8 9 4 16 
#37 166
36 35 29 4 5 3 
#38 139
64 62 52 46 44 43 38 39 
#39 179
30 31 32 33 24 12 16 
#40 94
2 1 14 15 16 21 22 24 
#41 110
17 18 52 55 53 51 47 67 36 2 
#42 77
9 5 7 2 6 4 
#43 164
64 58 70 9 18 24 
#44 149
20 19 40 41 44 46 53 
#45 161
95 87 85 78 68 49 53 58 60 62 
#46 134
70 71 64 50 49 48 47 
#47 93
91 89 93 92 77 74 
#48 90
8 11 9 82 86 84 83 81 
#49 59
83 97 78 10 13 21 22 24 
#50 116
68 62 1 3 6 
